0.0 	1.0000000000000004	5.551115123125783e-17	3.855945498021166e-17	3.9933148418933964e-17	
0.025 	0.9993751570116092	-2.1987442546833602e-05	-2.1987442546855774e-05	0.0006248429883910884	
0.05 	0.9975025099650139	-8.926051719598815e-05	-8.926051719601352e-05	0.0024974900349863213	
0.075 	0.9943876879031199	-0.00020549827933519227	-0.000205498279335194	0.005612312096880397	
0.1 	0.9900400184316955	-0.0003758141870561782	-0.0003758141870561721	0.009959981568304684	
0.125 	0.9844724528184972	-0.0006055280737006785	-0.0006055280737005788	0.015527547181502815	
0.15 	0.9777014726010489	-0.0008989831424577321	-0.0008989831424576974	0.022298527398950836	
0.175 	0.9697469866060949	-0.0012588233298585494	-0.001258823329858598	0.03025301339390505	
0.2 	0.960632225821854	-0.0016858762004857697	-0.0016858762004857385	0.039367774178145735	
0.225 	0.950383640707232	-0.002179707415719767	-0.0021797074157198122	0.04961635929276765	
0.25 	0.9390308030978647	-0.002739548603024833	-0.0027395486030249126	0.060969196902134946	
0.275 	0.9266063112234478	-0.0033652866812668436	-0.003365286681266927	0.07339368877655167	
0.3 	0.9131456941066791	-0.004058131465741299	-0.004058131465741362	0.08685430589332016	
0.325 	0.8986873105911466	-0.0048207159398595545	-0.00482071593985961	0.10131268940885257	
0.35 	0.8832722386169218	-0.005656639984982004	-0.005656639984982052	0.11672776138307761	
0.375 	0.8669441517206211	-0.0065694042219783255	-0.0065694042219783255	0.13305584827937844	
0.4 	0.8497491820514479	-0.00756132485896166	-0.007561324858961674	0.15025081794855158	
0.425 	0.831735771443149	-0.008632679820676947	-0.008632679820676989	0.16826422855685044	
0.45 	0.8129545138837715	-0.009781433319017485	-0.009781433319017513	0.18704548611622784	
0.475 	0.7934579936469397	-0.011003671131446846	-0.011003671131446943	0.20654200635305986	
0.5 	0.7733006231594355	-0.012294641983661592	-0.012294641983661564	0.22669937684056396	
0.525 	0.7525384834720557	-0.013650106187611144	-0.013650106187611172	0.2474615165279439	
0.55 	0.7312291682447729	-0.015067487796039614	-0.015067487796039641	0.26877083175522676	
0.575 	0.7094316298865926	-0.016546500021711152	-0.016546500021711125	0.29056837011340697	
0.6 	0.6872060253341972	-0.018089003140856874	-0.01808900314085679	0.31279397466580217	
0.625 	0.6646135574435014	-0.019698126310094044	-0.01969812631009399	0.33538644255649785	
0.65 	0.6417163085870394	-0.02137680261872299	-0.021376802618722962	0.35828369141295946	
0.675 	0.618577063983165	-0.023126089074803957	-0.023126089074803985	0.38142293601683386	
0.7 	0.5952591252285493	-0.0249440431433382	-0.0249440431433382	0.4047408747714496	
0.725 	0.571826116897289	-0.02682536150753495	-0.026825361507534923	0.4281738831027098	
0.75 	0.5483417911100843	-0.028762078453349604	-0.028762078453349632	0.4516582088899146	
0.775 	0.5248698362924047	-0.03074491062557977	-0.030744910625579713	0.47513016370759387	
0.8 	0.5014736954570918	-0.03276529161296218	-0.03276529161296224	0.4985263045429067	
0.825 	0.4782163976392664	-0.03481714101666519	-0.03481714101666519	0.5217836023607321	
0.85 	0.45516040222947973	-0.03689796206051435	-0.03689796206051432	0.5448395977705187	
0.875 	0.43236745328695325	-0.03900893643657963	-0.0390089364365796	0.5676325467130454	
0.9 	0.40989843746384474	-0.04115399035254913	-0.041153990352549186	0.5901015625361538	
0.925 	0.38781323860006867	-0.04333787845229589	-0.04333787845229592	0.6121867613999297	
0.95 	0.36617058268988467	-0.04556397733669226	-0.04556397733669226	0.6338294173101136	
0.975 	0.3450278709067499	-0.047832474600931596	-0.047832474600931596	0.6549721290932484	
1.0 	0.32444100180556723	-0.0501392617242179	-0.050139261724217954	0.6755589981944311	
1.025 	0.3044641893030713	-0.0524760892010758	-0.05247608920107577	0.6955358106969268	
1.05 	0.2851497858219311	-0.054831842595709904	-0.054831842595709945	0.714850214178067	
1.075 	0.2665481208127264	-0.05719462584912863	-0.05719462584912871	0.7334518791872717	
1.1 	0.24870736259428255	-0.05955398518870271	-0.059553985188702696	0.7512926374057154	
1.125 	0.2316734075863863	-0.06190295540969362	-0.061902955409693594	0.7683265924136119	
1.15 	0.21548979464614854	-0.0642389399346767	-0.06423893993467672	0.7845102053538497	
1.175 	0.20019763624493803	-0.06656348394888206	-0.06656348394888195	0.7998023637550602	
1.2 	0.1858355550603723	-0.06888088389195707	-0.06888088389195707	0.8141644449396259	
1.225 	0.17243961419544138	-0.07119632092628354	-0.07119632092628358	0.8275603858045568	
1.25 	0.16004323217997202	-0.07351355168229454	-0.07351355168229451	0.8399567678200262	
1.275 	0.1486770794092755	-0.07583337843893181	-0.07583337843893184	0.8513229205907229	
1.3 	0.13836896088277942	-0.07815292012122571	-0.07815292012122571	0.8616310391172192	
1.325 	0.12914369515040036	-0.08046594227604878	-0.08046594227604875	0.8708563048495981	
1.35 	0.1210230042701447	-0.08276413021632412	-0.08276413021632412	0.8789769957298539	
1.375 	0.1140254289296617	-0.0850389090684696	-0.08503890906846961	0.8859745710703368	
1.4 	0.10816627861413401	-0.08728306436330319	-0.08728306436330313	0.8918337213858645	
1.425 	0.10345761895882873	-0.08949191305441061	-0.08949191305441068	0.8965423810411699	
1.45 	0.09990829189718466	-0.09166362870222282	-0.09166362870222278	0.900091708102814	
1.475 	0.09752395664980244	-0.09379869342788438	-0.09379869342788438	0.9024760433501962	
1.5 	0.09630713658853401	-0.09589874750892635	-0.09589874750892635	0.9036928634114647	
1.525 	0.09625725763307834	-0.097965289208194	-0.09796528920819397	0.9037427423669204	
1.55 	0.09737066964097858	-0.09999859290422529	-0.09999859290422525	0.9026293303590203	
1.575 	0.09964064756413263	-0.10199720936556779	-0.10199720936556772	0.9003593524358662	
1.6 	0.10305737845924365	-0.10395816026950509	-0.10395816026950516	0.8969426215407551	
1.625 	0.10760794549197464	-0.10587770240549782	-0.10587770240549782	0.8923920545080244	
1.65 	0.11327632288265689	-0.10775233357906017	-0.10775233357906017	0.8867236771173419	
1.675 	0.12004339318475751	-0.10957968103983899	-0.1095796810398389	0.8799566068152413	
1.7 	0.1278869952305042	-0.1113589719549906	-0.11135897195499056	0.8721130047694948	
1.725 	0.13678200271322496	-0.1130909450129164	-0.11309094501291639	0.8632179972867742	
1.75 	0.146700427531876	-0.11477724063805009	-0.11477724063805017	0.8532995724681232	
1.775 	0.15761153804923178	-0.11641957116857336	-0.11641957116857343	0.8423884619507674	
1.8 	0.16948198109490517	-0.1180189885040166	-0.11801898850401671	0.830518018905094	
1.825 	0.18227589888660078	-0.11957549844787849	-0.1195754984478784	0.8177241011133984	
1.85 	0.19595503711932905	-0.12108820114322257	-0.1210882011432226	0.8040449628806703	
1.875 	0.2104788464128271	-0.12255588153290278	-0.12255588153290281	0.7895211535871722	
1.9 	0.2258045832497198	-0.12397778664281159	-0.12397778664281156	0.7741954167502796	
1.925 	0.24188741890158152	-0.12535424125706837	-0.1253542412570684	0.758112581098418	
1.95 	0.25868056370188064	-0.12668680872012114	-0.12668680872012117	0.7413194362981187	
1.975 	0.27613540993200164	-0.12797786372046782	-0.12797786372046777	0.7238645900679979	
2.0 	0.294201691141212	-0.12922961735391972	-0.12922961735391975	0.7057983088587874	
2.025 	0.3128276506052814	-0.13044294844844773	-0.13044294844844767	0.6871723493947177	
2.05 	0.3319602089575382	-0.13161645267674085	-0.13161645267674082	0.6680397910424609	
2.075 	0.3515451216083234	-0.13274618825502393	-0.132746188255024	0.6484548783916757	
2.1 	0.3715271182160103	-0.13382620161914374	-0.13382620161914371	0.6284728817839886	
2.125 	0.39185002364030397	-0.13485008273256036	-0.13485008273256036	0.6081499763596948	
2.15 	0.4124568656754935	-0.13581306847179195	-0.13581306847179195	0.5875431343245056	
2.175 	0.4332899795578612	-0.1367140539349985	-0.13671405393499847	0.566710020442138	
2.2 	0.454291122977435	-0.13755705661881723	-0.13755705661881726	0.5457088770225642	
2.225 	0.47540161476280096	-0.13835147104213907	-0.13835147104213916	0.5245983852371984	
2.25 	0.4965625032978457	-0.13911098777404274	-0.13911098777404277	0.5034374967021537	
2.275 	0.5177147666653326	-0.13985106602199804	-0.139851066021998	0.4822852333346668	
2.3 	0.5387995374423576	-0.1405859725090143	-0.1405859725090143	0.46120046255764185	
2.325 	0.5597583388939116	-0.14132566093112722	-0.14132566093112717	0.4402416611060881	
2.35 	0.5805333153888961	-0.14207358663417438	-0.14207358663417438	0.41946668461110354	
2.375 	0.6010674423387465	-0.1428260011420637	-0.1428260011420637	0.39893255766125296	
2.4 	0.6213047021945205	-0.14357301965902142	-0.1435730196590214	0.37869529780547895	
2.425 	0.641190221924306	-0.14430101542729096	-0.144301015427291	0.35880977807569325	
2.45 	0.6606703759185941	-0.14499610589349854	-0.14499610589349854	0.339329624081405	
2.475 	0.6796928635669544	-0.14564756410977392	-0.1456475641097739	0.32030713643304476	
2.5 	0.6982067763447191	-0.14625033784773517	-0.14625033784773517	0.30179322365528005	
2.525 	0.7161626709351758	-0.1468062587970751	-0.14680625879707515	0.2838373290648233	
2.55 	0.7335126609451157	-0.14732348821473534	-0.1473234882147353	0.2664873390548833	
2.575 	0.7502105330526143	-0.14781450892944614	-0.1478145089294461	0.24978946694738452	
2.6 	0.7662118887668676	-0.14829334385597664	-0.14829334385597673	0.2337881112331312	
2.625 	0.7814743039127535	-0.1487724779274196	-0.14877247792741954	0.21852569608724545	
2.65 	0.7959574929500494	-0.1492607694096681	-0.14926076940966804	0.2040425070499497	
2.675 	0.8096234638220856	-0.1497624831559331	-0.1497624831559331	0.1903765361779135	
2.7 	0.8224366514412117	-0.15027765928352466	-0.15027765928352468	0.1775633485587874	
2.725 	0.834364022519678	-0.1508035531641173	-0.15080355316411737	0.16563597748032105	
2.75 	0.845375150881869	-0.15133659934090182	-0.15133659934090182	0.1546248491181303	
2.775 	0.8554422686482596	-0.1518742513974528	-0.15187425139745286	0.14455773135173974	
2.8 	0.8645403030866188	-0.1524161519027376	-0.1524161519027376	0.13545969691338078	
2.825 	0.8726469103262178	-0.1529643482193212	-0.15296434821932126	0.1273530896737815	
2.85 	0.8797425152093548	-0.15352260021100422	-0.15352260021100422	0.1202574847906447	
2.875 	0.885810361922476	-0.1540951164285223	-0.15409511642852225	0.11418963807752334	
2.9 	0.890836574073976	-0.1546852159851883	-0.15468521598518825	0.10916342592602364	
2.925 	0.8948102173061059	-0.15529440009345252	-0.15529440009345258	0.10518978269389352	
2.95 	0.8977233539669531	-0.15592214426465273	-0.1559221442646527	0.1022766460330462	
2.975 	0.899571078876263	-0.15656645451630025	-0.1565664545163002	0.10042892112373664	
3.0 	0.9003515279755475	-0.15722496163711502	-0.15722496163711513	0.09964847202445208	
3.025 	0.9000658569031242	-0.1578961468507169	-0.15789614685071685	0.09993414309687532	
3.05 	0.8987181927872815	-0.1585802581782722	-0.1585802581782722	0.10128180721271782	
3.075 	0.8963155679969383	-0.15927959669672165	-0.15927959669672173	0.10368443200306096	
3.1 	0.8928678476295058	-0.15999808039974783	-0.15999808039974778	0.10713215237049376	
3.125 	0.8883876622397744	-0.16074024874376125	-0.1607402487437613	0.11161233776022517	
3.15 	0.8828903537800155	-0.16151006374863158	-0.1615100637486315	0.11710964621998428	
3.175 	0.8763939369456125	-0.16230992759852586	-0.16230992759852592	0.12360606305438696	
3.2 	0.8689190717759123	-0.1631402515434247	-0.1631402515434247	0.1310809282240873	
3.225 	0.8604890382880293	-0.16399970780505663	-0.16399970780505654	0.13951096171197042	
3.25 	0.851129701599262	-0.16488604690851633	-0.16488604690851644	0.1488702984007373	
3.275 	0.8408694571099657	-0.16579715527517708	-0.16579715527517705	0.1591305428900337	
3.3 	0.8297391495706277	-0.16673193645020368	-0.16673193645020365	0.17026085042937203	
3.325 	0.8177719660263556	-0.1676906593952988	-0.16769065939529884	0.18222803397364426	
3.35 	0.8050033089243076	-0.16867461196044248	-0.16867461196044248	0.19499669107569206	
3.375 	0.7914706602280914	-0.16968516190154848	-0.1696851619015485	0.2085293397719081	
3.4 	0.7772134488323161	-0.1707225694783393	-0.17072256947833933	0.22278655116768328	
3.425 	0.7622729314226501	-0.17178502676926466	-0.1717850267692646	0.2377270685773497	
3.45 	0.7466920917264449	-0.17286836617388235	-0.1728683661738823	0.2533079082735547	
3.475 	0.7305155562654231	-0.1739666849051626	-0.17396668490516262	0.26948444373457653	
3.5 	0.7137895181466587	-0.175073829783792	-0.17507382978379193	0.28621048185334097	
3.525 	0.6965616559530894	-0.1761853724389118	-0.17618537243891175	0.3034383440469102	
3.55 	0.6788810337158355	-0.17730048390034084	-0.17730048390034092	0.32111896628416436	
3.575 	0.6607979706720295	-0.17842307059428295	-0.17842307059428297	0.3392020293279703	
3.6 	0.6423638754357817	-0.1795616904529084	-0.17956169045290832	0.3576361245642182	
3.625 	0.6236310468883766	-0.1807280932756148	-0.18072809327561473	0.3763689531116235	
3.65 	0.6046524516088182	-0.18193463180409772	-0.18193463180409766	0.3953475483911819	
3.675 	0.5854814931368544	-0.18319114768918635	-0.18319114768918637	0.41451850686314573	
3.7 	0.5661717904364889	-0.18450213688114933	-0.18450213688114933	0.4338282095635115	
3.725 	0.5467769811215747	-0.1858649743227109	-0.1858649743227109	0.4532230188784257	
3.75 	0.5273505597830359	-0.1872697273822198	-0.18726972738221978	0.47264944021696437	
3.775 	0.5079457543801729	-0.1887006778236144	-0.18870067782361435	0.4920542456198276	
3.8 	0.48861543584060085	-0.19013921753807728	-0.19013921753807728	0.5113845641593996	
3.825 	0.46941204950606374	-0.19156741263653027	-0.1915674126365303	0.5305879504939367	
3.85 	0.45038755326151464	-0.19297135032185725	-0.19297135032185722	0.549612446738486	
3.875 	0.4315933468427927	-0.19434344619273825	-0.1943434461927382	0.568406653157208	
3.9 	0.41308017989368795	-0.19568317905410448	-0.19568317905410454	0.5869198201063127	
3.925 	0.3948980320330708	-0.19699615215777366	-0.19699615215777372	0.6051019679669302	
3.95 	0.3770959651261323	-0.19829182813163604	-0.19829182813163604	0.6229040348738685	
3.975 	0.3597219545148369	-0.1995806199511501	-0.1995806199511501	0.640278045485164	
4.0 	0.3428227106680199	-0.20087114861883065	-0.20087114861883068	0.6571772893319812	
4.025 	0.32644350459906196	-0.20216836569255012	-0.20216836569255017	0.6735564954009388	
4.05 	0.3106280092064127	-0.20347296468331433	-0.20347296468331433	0.689371990793588	
4.075 	0.2954181636764874	-0.20478205108335154	-0.20478205108335162	0.7045818363235136	
4.1 	0.2808540637542058	-0.20609071356307468	-0.20609071356307462	0.7191459362457953	
4.125 	0.26697387442267806	-0.20739389241093464	-0.2073938924109347	0.7330261255773229	
4.15 	0.25381375661335936	-0.20868793651076523	-0.20868793651076528	0.7461862433866415	
4.175 	0.24140779806947874	-0.2099713714325682	-0.20997137143256817	0.7585922019305221	
4.2 	0.22978793939309208	-0.21124468538346977	-0.2112446853834698	0.7702120606069087	
4.225 	0.2189838900181984	-0.2125093192453283	-0.21250931924532834	0.7810161099818025	
4.25 	0.2090230342577418	-0.21376631015315697	-0.2137663101531569	0.7909769657422593	
4.275 	0.19993033314172567	-0.21501509108964145	-0.2150150910896414	0.8000696668582756	
4.3 	0.19172823178444667	-0.21625290387702467	-0.21625290387702467	0.8082717682155546	
4.325 	0.18443658275654984	-0.21747506292617663	-0.21747506292617658	0.8155634172434514	
4.35 	0.17807259458570543	-0.2186759786424977	-0.21867597864249766	0.821927405414296	
4.375 	0.1726508084874876	-0.21985052335635283	-0.21985052335635275	0.8273491915125137	
4.4 	0.16818310046484336	-0.22099536272272222	-0.22099536272272224	0.831816899535158	
4.425 	0.16467869976290864	-0.2221096735333733	-0.22210967353337324	0.8353213002370928	
4.45 	0.16214421087564743	-0.22319503260482304	-0.22319503260482304	0.8378557891243541	
4.475 	0.1605836254938765	-0.22425448048603452	-0.22425448048603452	0.8394163745061249	
4.5 	0.1599983157659769	-0.22529110911416314	-0.2252911091141631	0.8400016842340248	
4.525 	0.16038700667574177	-0.22630658313198007	-0.22630658313198015	0.83961299332426	
4.55 	0.1617457337893657	-0.227300195894771	-0.22730019589477102	0.838254266210636	
4.575 	0.16406780021857684	-0.22826877845862487	-0.22826877845862492	0.835932199781425	
4.6 	0.16734375141452923	-0.22920755568446358	-0.2292075556844636	0.8326562485854727	
4.625 	0.1715613842294438	-0.2301116525438756	-0.23011165254387567	0.8284386157705581	
4.65 	0.1767058020160623	-0.23097787027511593	-0.2309778702751159	0.8232941979839397	
4.675 	0.18275951809943622	-0.2318060350974652	-0.2318060350974651	0.8172404819005656	
4.7 	0.18970259774290527	-0.23259948880414671	-0.23259948880414666	0.8102974022570968	
4.725 	0.19751281990490283	-0.23336447678080077	-0.23336447678080063	0.802487180095099	
4.75 	0.2061658356857039	-0.23410861802649344	-0.2341086180264934	0.7938341643142981	
4.775 	0.2156353000699518	-0.23483876500311424	-0.23483876500311424	0.7843646999300503	
4.8 	0.22589295994085004	-0.23555902680680893	-0.23555902680680885	0.7741070400591521	
4.825 	0.23690869549437807	-0.23626949385538457	-0.23626949385538465	0.7630913045056241	
4.85 	0.24865052099984764	-0.23696610001128565	-0.23696610001128565	0.7513494790001545	
4.875 	0.2610845646743901	-0.23764164862477205	-0.2376416486247721	0.7389154353256118	
4.9 	0.274175053033114	-0.23828784464069358	-0.23828784464069352	0.7258249469668878	
4.925 	0.287884325479151	-0.23889758571375902	-0.23889758571375894	0.7121156745208508	
4.95 	0.3021728964122062	-0.239466930885814	-0.239466930885814	0.6978271035877954	
4.975 	0.31699957506071286	-0.23999615032262275	-0.2399961503226228	0.6830004249392885	
5.0 	0.33232163578745255	-0.24048953705703768	-0.2404895370570376	0.6676783642125489	
5.025 	0.3480950223749571	-0.24095403618882785	-0.24095403618882785	0.6519049776250442	
5.05 	0.36427456292031846	-0.2413972148544848	-0.24139721485448482	0.6357254370796829	
5.075 	0.3808141707353657	-0.24182516690857223	-0.24182516690857225	0.6191858292646358	
5.1 	0.3976670121089675	-0.24224102231815692	-0.24224102231815697	0.6023329878910344	
5.125 	0.4147856336949909	-0.24264457868513936	-0.24264457868513933	0.5852143663050109	
5.15 	0.43212205335120746	-0.24303312814300984	-0.2430331281430098	0.5678779466487941	
5.175 	0.44962782861496264	-0.24340323137024422	-0.24340323137024417	0.5503721713850389	
5.2 	0.4672541242829238	-0.24375286453317918	-0.24375286453317915	0.5327458757170778	
5.225 	0.48495179995503873	-0.24408320142801057	-0.24408320142801057	0.5150482000449628	
5.25 	0.5026715327850938	-0.24439945752081982	-0.24439945752081985	0.49732846721490787	
5.275 	0.5203639808864428	-0.24471047238267563	-0.24471047238267565	0.4796360191135588	
5.3 	0.5379799816061505	-0.24502710539045408	-0.24502710539045414	0.46202001839385115	
5.325 	0.5554707693083608	-0.2453598892353892	-0.2453598892353892	0.44452923069164074	
5.35 	0.5727881919383719	-0.24571661838169095	-0.2457166183816909	0.42721180806162967	
5.375 	0.589884905788651	-0.24610057282307532	-0.24610057282307538	0.41011509421135056	
5.4 	0.606714533334609	-0.24650988570093085	-0.24650988570093077	0.39328546666539277	
5.425 	0.6232317781081491	-0.24693821854356668	-0.24693821854356662	0.3767682218918529	
5.45 	0.6393925007662034	-0.2473765190147432	-0.24737651901474317	0.36060749923379876	
5.475 	0.655153769028268	-0.247815324364098	-0.24781532436409798	0.344846230971734	
5.5 	0.6704738987909812	-0.24824693490166994	-0.24824693490166996	0.32952610120902104	
5.525 	0.68531250339733	-0.24866685607138236	-0.24866685607138236	0.3146874966026719	
5.55 	0.6996305630543643	-0.24907416739718374	-0.24907416739718366	0.3003694369456377	
5.575 	0.7133905183459257	-0.24947083490251362	-0.24947083490251362	0.28660948165407646	
5.6 	0.7265563830820846	-0.24986032268220315	-0.24986032268220312	0.27344361691791735	
5.625 	0.739093864904202	-0.2502460687111414	-0.2502460687111415	0.26090613509579996	
5.65 	0.7509704790819924	-0.2506304028807659	-0.2506304028807659	0.24902952091800962	
5.675 	0.7621556426263404	-0.2510143001122148	-0.25101430011221487	0.23784435737366175	
5.7 	0.7726207416695683	-0.25139804213158484	-0.2513980421315849	0.22737925833043396	
5.725 	0.7823391732910798	-0.251782516487438	-0.251782516487438	0.21766082670892245	
5.75 	0.7912863711178395	-0.2521706281112099	-0.2521706281112099	0.2087136288821631	
5.775 	0.7994398295937539	-0.252568225192236	-0.2525682251922359	0.20056017040624893	
5.8 	0.8067791429544371	-0.25298407651613736	-0.25298407651613747	0.19322085704556563	
5.825 	0.8132860710489744	-0.2534287414890873	-0.2534287414890874	0.18671392895102829	
5.85 	0.8189446360356502	-0.2539125496604239	-0.25391254966042387	0.18105536396435287	
5.875 	0.8237412437086413	-0.25444323093096705	-0.2544432309309671	0.17625875629136176	
5.9 	0.8276648135636593	-0.2550239023278184	-0.2550239023278183	0.172335186436344	
5.925 	0.8307068954326189	-0.25565206293464643	-0.25565206293464654	0.16929310456738436	
5.95 	0.8328617495907705	-0.25631998421155316	-0.25631998421155316	0.1671382504092328	
5.975 	0.8341263723121832	-0.25701648372549946	-0.25701648372549946	0.16587362768782016	
6.0 	0.8345004589981454	-0.2577296558612829	-0.25772965586128294	0.1654995410018578	
6.025 	0.8339863098925286	-0.2584498317312412	-0.25844983173124114	0.16601369010747452	
6.05 	0.8325886958263791	-0.2591719494737557	-0.2591719494737557	0.167411304173624	
6.075 	0.8303147101557069	-0.2598966694232456	-0.2598966694232455	0.16968528984429646	
6.1 	0.8271736356750905	-0.2606299238376622	-0.26062992383766226	0.1728263643249131	
6.125 	0.8231768509534624	-0.26138104108134086	-0.2613810410813408	0.17682314904654112	
6.15 	0.8183377902117953	-0.26215999215137303	-0.2621599921513731	0.18166220978820818	
6.175 	0.8126719570788148	-0.26297455012017945	-0.2629745501201794	0.18732804292118835	
6.2 	0.8061969787377142	-0.2638281602236188	-0.26382816022361877	0.1938030212622887	
6.225 	0.7989326765118255	-0.26471909263414634	-0.2647190926341464	0.2010673234881774	
6.25 	0.7909011243462596	-0.2656410635437451	-0.2656410635437451	0.20909887565374327	
6.275 	0.7821266689515834	-0.26658508097511696	-0.26658508097511696	0.21787333104841952	
6.3 	0.7726358938895587	-0.26754192790266396	-0.267541927902664	0.22736410611044436	
6.325 	0.7624575223683795	-0.2685045374341424	-0.2685045374341425	0.23754247763162353	
6.35 	0.7516222667719933	-0.26946958599909654	-0.2694695859990967	0.24837773322800974	
6.375 	0.7401626436262944	-0.2704379025350565	-0.27043790253505645	0.25983735637370864	
6.4 	0.7281127782006535	-0.2714136736706567	-0.27141367367065666	0.27188722179934927	
6.425 	0.7155082220988369	-0.2724027927233974	-0.27240279272339735	0.2844917779011661	
6.45 	0.702385800587954	-0.273410937679248	-0.27341093767924807	0.2976141994120493	
6.475 	0.6887834961471718	-0.27444200002731717	-0.2744420000273172	0.3112165038528315	
6.5 	0.6747403637626743	-0.2754973199712835	-0.2754973199712835	0.3252596362373288	
6.525 	0.6602964648364064	-0.27657587773434644	-0.2765758777343464	0.3397035351635966	
6.55 	0.6454928023971941	-0.2776752519545505	-0.27767525195455056	0.35450719760280874	
6.575 	0.6303712414429331	-0.2787928983412544	-0.2787928983412544	0.36962875855706967	
6.6 	0.6149744040431272	-0.2799272091901902	-0.27992720919019026	0.38502559595687535	
6.625 	0.5993455373860885	-0.28107791511549685	-0.2810779151154968	0.400654462613914	
6.65 	0.5835283616821774	-0.2822456473895998	-0.28224564738959984	0.4164716383178251	
6.675 	0.5675669112097649	-0.28343080264809706	-0.28343080264809706	0.4324330887902378	
6.7 	0.551505384046564	-0.2846321286534098	-0.28463212865340987	0.4484946159534383	
6.725 	0.5353880136207088	-0.2858455828229435	-0.28584558282294337	0.46461198637929374	
6.75 	0.5192589689294584	-0.2870639551715165	-0.2870639551715165	0.48074103107054417	
6.775 	0.5031622819596187	-0.2882775101226415	-0.2882775101226416	0.49683771804038396	
6.8 	0.48714179287329035	-0.28947556333953045	-0.2894755633395305	0.5128582071267124	
6.825 	0.4712410981272475	-0.2906485819057386	-0.2906485819057386	0.5287589018727551	
6.85 	0.4555034853738788	-0.29179018994352834	-0.29179018994352834	0.5444965146261241	
6.875 	0.43997184213122703	-0.2928984512576944	-0.2928984512576944	0.5600281578687757	
6.9 	0.42468853199281126	-0.29397599752390563	-0.2939759975239057	0.5753114680071914	
6.925 	0.40969524078179675	-0.2950289180843388	-0.29502891808433884	0.5903047592182057	
6.95 	0.3950328032479164	-0.29606471675549245	-0.2960647167554924	0.604967196752086	
6.975 	0.380741026477937	-0.29708994600781374	-0.29708994600781374	0.6192589735220654	
7.0 	0.3668585276438143	-0.29810824735180536	-0.2981082473518054	0.633141472356188	
7.025 	0.3534226006210582	-0.2991194148926764	-0.29911941489267646	0.6465773993789441	
7.05 	0.34046911912353206	-0.30011978638220094	-0.3001197863822008	0.6595308808764702	
7.075 	0.32803247505168187	-0.30110384731390055	-0.3011038473139005	0.6719675249483203	
7.1 	0.3161455420181668	-0.3020665392813338	-0.30206653928133387	0.6838544579818353	
7.125 	0.304839647761171	-0.30300552000911074	-0.30300552000911085	0.6951603522388313	
7.15 	0.2941445370664775	-0.3039226108242811	-0.3039226108242812	0.7058554629335247	
7.175 	0.28408830957061304	-0.30482389812413174	-0.30482389812413174	0.7159116904293892	
7.2 	0.27469732388019635	-0.3057183623874994	-0.3057183623874994	0.725302676119806	
7.225 	0.2659960691807923	-0.30661536812885126	-0.30661536812885126	0.7340039308192101	
7.25 	0.2580070155545614	-0.3075217186889703	-0.3075217186889704	0.741992984445441	
7.275 	0.25075046204881674	-0.3084391444330337	-0.30843914443303366	0.7492495379511859	
7.3 	0.2442444050635188	-0.30936299743525925	-0.3093629974352593	0.7557555949364837	
7.325 	0.2385044477627906	-0.3102825945859386	-0.31028259458593854	0.7614955522372122	
7.35 	0.23354376415969166	-0.311183180428991	-0.31118318042899107	0.7664562358403111	
7.375 	0.22937312077110522	-0.3120490103611163	-0.3120490103611164	0.7706268792288975	
7.4 	0.22600094678625463	-0.31286672543867555	-0.31286672543867566	0.7739990532137481	
7.425 	0.2234334334613095	-0.31362810231249283	-0.31362810231249283	0.7765665665386933	
7.45 	0.2216746375669224	-0.31433144337384084	-0.31433144337384095	0.7783253624330801	
7.475 	0.2207265637950058	-0.31498126805062754	-0.3149812680506274	0.779273436204997	
7.5 	0.22058920721653513	-0.31558645537233837	-0.3155864553723383	0.7794107927834676	
7.525 	0.2212605477461997	-0.3161574220533721	-0.3161574220533721	0.778739452253803	
7.55 	0.22273650145581775	-0.31670317092230704	-0.31670317092230704	0.7772634985441847	
7.575 	0.2250108452774789	-0.3172290424071727	-0.31722904240717276	0.7749891547225236	
7.6 	0.22807513921081568	-0.3177357562108605	-0.3177357562108605	0.7719248607891869	
7.625 	0.23191867168151933	-0.3182199230047108	-0.3182199230047108	0.7680813283184831	
7.65 	0.23652844879660256	-0.31867576416769416	-0.3186757641676941	0.7634715512034	
7.675 	0.24188923815948743	-0.3190974349668172	-0.3190974349668172	0.7581107618405152	
7.7 	0.24798366525545637	-0.31948120309051387	-0.31948120309051387	0.7520163347445462	
7.725 	0.25479234850397503	-0.3198268263838446	-0.31982682638384463	0.7452076514960275	
7.75 	0.2622940510237413	-0.3201377628734297	-0.32013776287342965	0.7377059489762614	
7.775 	0.2704658250416757	-0.3204202332474449	-0.3204202332474449	0.7295341749583268	
7.8 	0.27928312912758635	-0.32068151347777224	-0.3206815134777722	0.7207168708724163	
7.825 	0.2887199077185093	-0.32092805043016887	-0.3209280504301689	0.7112800922814932	
7.85 	0.29874863401128315	-0.3211640044043799	-0.32116400440438	0.7012513659887195	
7.875 	0.30934032796852073	-0.3213906370039745	-0.3213906370039745	0.6906596720314817	
7.9 	0.32046456797258904	-0.32160665161621493	-0.32160665161621493	0.6795354320274134	
7.925 	0.3320895158069793	-0.321809266172518	-0.3218092661725179	0.667910484193023	
7.95 	0.3441819700141234	-0.32199556434012144	-0.32199556434012155	0.6558180299858789	
7.975 	0.35670745380064417	-0.3221636079478313	-0.3221636079478313	0.6432925461993582	
8.0 	0.3696303332796784	-0.3223129172462123	-0.32231291724621236	0.630369666720324	
8.025 	0.38291395310743565	-0.3224441850043309	-0.3224441850043309	0.6170860468925666	
8.05 	0.39652077209470726	-0.3225584197756766	-0.32255841977567673	0.6034792279052952	
8.075 	0.41041248321951274	-0.3226559191501636	-0.32265591915016356	0.5895875167804895	
8.1 	0.42455010862396736	-0.32273556835797723	-0.32273556835797723	0.5754498913760351	
8.125 	0.43889406967737077	-0.32279480729428345	-0.3227948072942834	0.5611059303226313	
8.15 	0.45340424258787143	-0.3228305379423331	-0.3228305379423331	0.546595757412131	
8.175 	0.4680400188760762	-0.32284062533900487	-0.32284062533900487	0.5319599811239262	
8.2 	0.48276038772021584	-0.3228255643150274	-0.32282556431502724	0.5172396122797865	
8.225 	0.49752405932977745	-0.32278970941956514	-0.3227897094195651	0.5024759406702246	
8.25 	0.5122896337343764	-0.32274157349822935	-0.32274157349822935	0.4877103662656255	
8.275 	0.5270158077724174	-0.3226926861692935	-0.3226926861692935	0.4729841922275848	
8.3 	0.5416616024796626	-0.32265544257221396	-0.322655442572214	0.45833839752033984	
8.325 	0.556186585667014	-0.3226403404770832	-0.32264034047708323	0.4438134143329885	
8.35 	0.5705510580101054	-0.3226532166696795	-0.3226532166696795	0.429448941989897	
8.375 	0.5847161829444047	-0.32269356833825646	-0.32269356833825635	0.4152838170555976	
8.4 	0.598644051496195	-0.32275444060218883	-0.32275444060218883	0.4013559485038072	
8.425 	0.6122976822281019	-0.3228239788607575	-0.3228239788607574	0.3877023177719004	
8.45 	0.6256409802458675	-0.3228883735282466	-0.3228883735282466	0.3743590197541349	
8.475 	0.6386386839473833	-0.3229357334795314	-0.32293573347953136	0.3613613160526193	
8.5 	0.6512563319442396	-0.3229593317208861	-0.32295933172088614	0.34874366805576307	
8.525 	0.6634602777035437	-0.3229599146354293	-0.3229599146354292	0.33653972229645873	
8.55 	0.6752177744486533	-0.32294608491078786	-0.3229460849107878	0.32478222555134917	
8.575 	0.6864971232921142	-0.32293277233877704	-0.3229327723387771	0.31350287670788823	
8.6 	0.6972678763647969	-0.3229380502122494	-0.3229380502122495	0.30273212363520563	
8.625 	0.7075010653267645	-0.3229793501450373	-0.3229793501450374	0.2924989346732379	
8.65 	0.7171694220924079	-0.3230699543500067	-0.3230699543500067	0.2828305779075944	
8.675 	0.7262475604034248	-0.32321663862872874	-0.32321663862872885	0.2737524395965773	
8.7 	0.7347120982485998	-0.3234190953347992	-0.3234190953347992	0.2652879017514021	
8.725 	0.7425417132193419	-0.32367108896358526	-0.3236710889635852	0.25745828678066013	
8.75 	0.7497171376475598	-0.32396291215394557	-0.3239629121539455	0.25028286235244257	
8.775 	0.7562211153426361	-0.3242843600954355	-0.32428436009543543	0.24377888465736636	
8.8 	0.7620383449455128	-0.32462734151659933	-0.32462734151659933	0.23796165505448966	
8.825 	0.7671554362451852	-0.3249873505465896	-0.32498735054658967	0.2328445637548171	
8.85 	0.7715608977734958	-0.32536357577567226	-0.32536357577567226	0.22843910222650662	
8.875 	0.7752451623106112	-0.3257577115964676	-0.3257577115964676	0.22475483768939097	
8.9 	0.7782006430400907	-0.32617201480988534	-0.3261720148098852	0.22179935695991146	
8.925 	0.7804218037146611	-0.32660735863410495	-0.32660735863410506	0.21957819628534112	
8.95 	0.7819052201461933	-0.3270619844785084	-0.32706198447850837	0.2180947798538088	
8.975 	0.782649611786324	-0.3275313882384204	-0.3275313882384203	0.2173503882136781	
9.0 	0.7826558294258164	-0.3280093779456728	-0.32800937794567275	0.21734417057418598	
9.025 	0.7819267971489696	-0.3284899627932944	-0.3284899627932944	0.21807320285103277	
9.05 	0.7804674178858646	-0.32896944569700093	-0.32896944569700093	0.21953258211413762	
9.075 	0.7782844615498796	-0.32944798805950987	-0.3294479880595098	0.22171553845012265	
9.1 	0.7753864591591885	-0.32993016733393454	-0.32993016733393443	0.22461354084081364	
9.125 	0.7717836244317262	-0.3304243129678135	-0.33042431296781344	0.22821637556827593	
9.15 	0.767487813907213	-0.33094079670263704	-0.33094079670263704	0.2325121860927892	
9.175 	0.7625125292515422	-0.33148979951003194	-0.331489799510032	0.23748747074845977	
9.2 	0.7568729498798843	-0.3320792759185877	-0.3320792759185877	0.24312705012011782	
9.225 	0.7505859774516858	-0.3327135929036345	-0.3327135929036345	0.24941402254831632	
9.25 	0.7436702703469422	-0.3333932587253118	-0.3333932587253118	0.25632972965305967	
9.275 	0.7361462490994586	-0.3341157054178353	-0.33411570541783525	0.26385375090054325	
9.3 	0.7280360610618084	-0.3348767382154135	-0.33487673821541347	0.2719639389381936	
9.325 	0.7193635051673997	-0.33567209016545724	-0.33567209016545735	0.2806364948326023	
9.35 	0.710153927211886	-0.3364985425089976	-0.33649854250899747	0.2898460727881159	
9.375 	0.7004341033088037	-0.33735420458347243	-0.33735420458347243	0.29956589669119826	
9.4 	0.69023213156762	-0.3382379031066729	-0.3382379031066729	0.309767868432382	
9.425 	0.6795773471120456	-0.3391479815752611	-0.33914798157526116	0.3204226528879564	
9.45 	0.6685002666748008	-0.3400810300889038	-0.3400810300889039	0.33149973332520144	
9.475 	0.65703255764136	-0.3410311338783737	-0.3410311338783737	0.34296744235864207	
9.5 	0.6452070161199827	-0.3419900512181768	-0.3419900512181769	0.35479298388001934	
9.525 	0.6330575338770893	-0.3429484470959927	-0.34294844709599265	0.3669424661229125	
9.55 	0.6206190315398563	-0.34389790522695796	-0.3438979052269579	0.3793809684601453	
9.575 	0.6079273449700797	-0.34483308583594396	-0.344833085835944	0.3920726550299217	
9.6 	0.5950190608935545	-0.3457533829688305	-0.34575338296883057	0.40498093910644706	
9.625 	0.5819313108642027	-0.3466634263211944	-0.34666342632119435	0.41806868913579875	
9.65 	0.5687015448904325	-0.34757210892340507	-0.34757210892340507	0.43129845510956855	
9.675 	0.5553673123765102	-0.34849030132993436	-0.34849030132993447	0.44463268762349095	
9.7 	0.5419660763964047	-0.34942787605011294	-0.34942787605011305	0.4580339236035964	
9.725 	0.528535081791298	-0.35039074385139873	-0.35039074385139873	0.4714649182087032	
9.75 	0.5151112858197975	-0.35137885789442713	-0.3513788578944271	0.48488871418020385	
9.775 	0.5017313429702206	-0.35238580834146893	-0.35238580834146893	0.49826865702978057	
9.8 	0.4884316266546333	-0.3534001541439086	-0.3534001541439086	0.5115683733453679	
9.825 	0.47524825973496077	-0.3544081530979516	-0.3544081530979517	0.5247517402650402	
9.85 	0.46221712486619243	-0.35539726034619673	-0.3553972603461967	0.5377828751338086	
9.875 	0.4493738302744501	-0.3563593362951025	-0.3563593362951026	0.550626169725551	
9.9 	0.4367536194985206	-0.3572926726515035	-0.35729267265150344	0.5632463805014805	
9.925 	0.4243912231313943	-0.3582023047692776	-0.35820230476927756	0.5756087768686068	
9.95 	0.41232066774276327	-0.3590985143941678	-0.35909851439416784	0.5876793322572378	
9.975 	0.40057506486231004	-0.3599938897474663	-0.3599938897474663	0.5994249351376911	
10.0 	0.38918640726115017	-0.3608998477155335	-0.3608998477155335	0.6108135927388508	
10.025 	0.3781853967381513	-0.3618235556076045	-0.3618235556076046	0.6218146032618496	
10.05 	0.3676013220426513	-0.362766036457847	-0.3627660364578469	0.6323986779573495	
10.075 	0.3574619909208591	-0.3637219706344348	-0.36372197063443473	0.6425380090791417	
10.1 	0.3477937106740021	-0.36468111924098695	-0.3646811192409869	0.652206289325999	
10.125 	0.33862130211954505	-0.3656308607789819	-0.365630860778982	0.6613786978804561	
10.15 	0.32996812513438756	-0.3665590736530907	-0.3665590736530907	0.6700318748656136	
10.175 	0.32185609554231137	-0.3674565468442038	-0.3674565468442038	0.6781439044576898	
10.2 	0.3143056781777424	-0.36831822270869463	-0.36831822270869463	0.6856943218222589	
10.225 	0.3073358491449113	-0.3691431342293632	-0.36914313422936335	0.6926641508550899	
10.25 	0.3009640297462415	-0.3699331754694832	-0.3699331754694832	0.6990359702537596	
10.275 	0.29520600406302167	-0.3706912746175648	-0.3706912746175649	0.7047939959369797	
10.3 	0.2900758347341838	-0.3714195674053663	-0.3714195674053663	0.7099241652658175	
10.325 	0.2855857932241957	-0.37211834851781456	-0.37211834851781456	0.7144142067758056	
10.35 	0.2817463162097482	-0.37278601499482217	-0.3727860149948222	0.7182536837902531	
10.375 	0.27856599153243633	-0.37341995114706916	-0.37341995114706916	0.721434008467565	
10.4 	0.27605156899714756	-0.3740179453057861	-0.37401794530578614	0.7239484310028539	
10.425 	0.27420798454256906	-0.3745795493451621	-0.37457954934516213	0.7257920154574324	
10.45 	0.27303838312906015	-0.3751067972541378	-0.37510679725413787	0.7269616168709411	
10.475 	0.27254412680569107	-0.3756039495754314	-0.37560394957543136	0.7274558731943103	
10.5 	0.2727247798630009	-0.376076273331587	-0.376076273331587	0.7272752201370006	
10.525 	0.27357807184626415	-0.37652825131094037	-0.37652825131094037	0.7264219281537373	
10.55 	0.27509984772608503	-0.3769618051228335	-0.3769618051228336	0.7249001522739165	
10.575 	0.2772840214437059	-0.37737521848920197	-0.37737521848920197	0.7227159785562954	
10.6 	0.280122551794854	-0.37776318409027165	-0.37776318409027165	0.7198774482051473	
10.625 	0.283605457181599	-0.37811809139019387	-0.3781180913901938	0.7163945428184024	
10.65 	0.2877208772041109	-0.3784322207253708	-0.37843222072537075	0.7122791227958907	
10.675 	0.2924551795400139	-0.3787002458509897	-0.3787002458509898	0.7075448204599877	
10.7 	0.2977930984257357	-0.3789212059734515	-0.37892120597345147	0.7022069015742658	
10.725 	0.30371788278323997	-0.3790993564972084	-0.37909935649720844	0.6962821172167615	
10.75 	0.31021142848875327	-0.3792435297974044	-0.3792435297974043	0.6897885715112482	
10.775 	0.3172543735102545	-0.379365147538244	-0.379365147538244	0.6827456264897469	
10.8 	0.3248261417024891	-0.3794753933442235	-0.3794753933442234	0.6751738582975123	
10.825 	0.3329049360911832	-0.37958243715546475	-0.37958243715546475	0.667095063908818	
10.85 	0.3414676950962486	-0.3796894401665914	-0.3796894401665914	0.6585323049037528	
10.875 	0.35049003572126153	-0.37979399533587727	-0.37979399533587727	0.6495099642787397	
10.9 	0.3599462126635862	-0.37988916789006644	-0.37988916789006655	0.6400537873364152	
10.925 	0.36980912080088124	-0.37996583155702396	-0.37996583155702396	0.63019087919912	
10.95 	0.3800503576379429	-0.38001555380880264	-0.38001555380880264	0.6199496423620583	
10.975 	0.3906403491915877	-0.3800332338388429	-0.38003323383884285	0.6093596508084136	
11.0 	0.40154852788893386	-0.3800186510185038	-0.38001865101850385	0.5984514721110674	
11.025 	0.4127435374322621	-0.3799764632579467	-0.37997646325794665	0.5872564625677392	
11.05 	0.4241934339365887	-0.37991469516452553	-0.37991469516452553	0.5758065660634129	
11.075 	0.4358658542193258	-0.37984222002628243	-0.3798422200262825	0.5641341457806761	
11.1 	0.44772813075636975	-0.3797659842947492	-0.3797659842947492	0.5522718692436319	
11.125 	0.459747346624633	-0.37968887384275896	-0.37968887384275896	0.5402526533753685	
11.15 	0.47189034058289553	-0.37960889190389874	-0.3796088919038987	0.5281096594171061	
11.175 	0.4841236841517317	-0.3795198791194733	-0.37951987911947327	0.5158763158482699	
11.2 	0.49641366023164446	-0.37941353380190707	-0.37941353380190707	0.503586339768357	
11.225 	0.508726272161974	-0.3792821514800422	-0.37928215148004213	0.4912737278380276	
11.25 	0.521027304376616	-0.37912121053741255	-0.37912121053741243	0.4789726956233853	
11.275 	0.5332824409518978	-0.37893100021603193	-0.378931000216032	0.4667175590481036	
11.3 	0.5454574354328093	-0.378716850101091	-0.37871685010109096	0.45454256456719205	
11.325 	0.5575183106636847	-0.37848790387369946	-0.3784879038736994	0.4424816893363166	
11.35 	0.56943156087638	-0.3782548327088411	-0.3782548327088412	0.4305684391236215	
11.375 	0.581164328431297	-0.3780272297223083	-0.3780272297223083	0.4188356715687048	
11.4 	0.5926845355030677	-0.3778115180738922	-0.3778115180738921	0.4073154644969339	
11.425 	0.6039609620400869	-0.3776099489015658	-0.3776099489015658	0.39603903795991474	
11.45 	0.6149632766920397	-0.37742099886762154	-0.3774209988676214	0.385036723307962	
11.475 	0.6256620383177869	-0.3772409636281065	-0.3772409636281064	0.37433796168221445	
11.5 	0.6360286919942612	-0.37706620359011556	-0.37706620359011556	0.36397130800574035	
11.525 	0.6460355831584119	-0.37689527568271686	-0.3768952756827168	0.35396441684158975	
11.55 	0.6556560071615842	-0.3767302941841565	-0.3767302941841565	0.34434399283841766	
11.575 	0.6648642994740576	-0.3765770744225835	-0.3765770744225835	0.3351357005259443	
11.6 	0.6736359599316499	-0.37644405008362636	-0.3764440500836263	0.32636404006835185	
11.625 	0.6819477944736028	-0.3763403369238537	-0.3763403369238537	0.31805220552639896	
11.65 	0.6897780526446334	-0.37627360759462586	-0.37627360759462586	0.3102219473553683	
11.675 	0.6971065400042729	-0.37624841401496145	-0.37624841401496145	0.3028934599957288	
11.7 	0.7039146923953267	-0.3762655187708743	-0.3762655187708743	0.2960853076046754	
11.725 	0.7101856089596476	-0.3763223446863181	-0.37632234468631803	0.2898143910403544	
11.75 	0.7159040514418477	-0.3764143356948164	-0.3764143356948164	0.2840959485581542	
11.775 	0.7210564264108453	-0.37653667142647235	-0.3765366714264723	0.27894357358915634	
11.8 	0.7256307690033945	-0.37668571225219905	-0.37668571225219905	0.27436923099660715	
11.825 	0.7296167442731161	-0.37685959427758187	-0.3768595942775819	0.27038325572688543	
11.85 	0.7330056738535187	-0.3770577901942501	-0.37705779019425006	0.266994326146483	
11.875 	0.7357905847006255	-0.37727977733154255	-0.3772797773315426	0.264209415299376	
11.9 	0.7379662663904452	-0.3775233431963388	-0.3775233431963388	0.2620337336095563	
11.925 	0.7395293164211615	-0.37778323766424204	-0.37778323766424204	0.26047068357884007	
11.95 	0.7404781529092095	-0.3780507908132693	-0.37805079081326937	0.25952184709079196	
11.975 	0.740812979611306	-0.3783148889869815	-0.3783148889869814	0.2591870203886956	
12.0 	0.7405356991735705	-0.37856421683648134	-0.3785642168364813	0.25946430082643107	
12.025 	0.7396497849302501	-0.37879026765157386	-0.3787902676515739	0.26035021506975153	
12.05 	0.7381601330935701	-0.37899020409407524	-0.3789902040940753	0.26183986690643146	
12.075 	0.7360729246995539	-0.37916876786326864	-0.3791687678632686	0.2639270753004475	
12.1 	0.7333955288920666	-0.3793385461424742	-0.37933854614247414	0.266604471107935	
12.125 	0.730136467407208	-0.3795183110427113	-0.3795183110427113	0.2698635325927936	
12.15 	0.7263054516124692	-0.3797296764336476	-0.3797296764336476	0.27369454838753204	
12.175 	0.7219134834208805	-0.37999302825944126	-0.3799930282594412	0.2780865165791208	
12.2 	0.7169729965809295	-0.3803234972370325	-0.3803234972370325	0.28302700341907167	
12.225 	0.7114980055037692	-0.3807281520429616	-0.3807281520429616	0.28850199449623176	
12.25 	0.7055042254092624	-0.3812050427616681	-0.3812050427616681	0.2944957745907385	
12.275 	0.6990091317938257	-0.38174432218930243	-0.38174432218930243	0.30099086820617516	
12.3 	0.6920319417726526	-0.3823310290164953	-0.38233102901649535	0.3079680582273482	
12.325 	0.6845935162098802	-0.382948846210304	-0.38294884621030406	0.3154064837901205	
12.35 	0.6767161955642012	-0.3835837030106259	-0.38358370301062594	0.3232838044357994	
12.375 	0.6684235992715744	-0.3842263701217639	-0.38422637012176397	0.331576400728426	
12.4 	0.6597404205810586	-0.38487345201863105	-0.384873452018631	0.3402595794189417	
12.425 	0.6506922475782912	-0.3855266481346181	-0.38552664813461823	0.3493077524217093	
12.45 	0.6413054310710106	-0.38619071716739917	-0.38619071716739917	0.3586945689289899	
12.475 	0.6316070066718924	-0.38687091333187995	-0.38687091333188	0.36839299332810815	
12.5 	0.6216246619072869	-0.3875707073316541	-0.3875707073316541	0.3783753380927136	
12.525 	0.6113867299158167	-0.3882904779250345	-0.38829047792503446	0.38861327008418395	
12.55 	0.6009221849033743	-0.3890275046561166	-0.3890275046561166	0.3990778150966264	
12.575 	0.5902606164787446	-0.3897771114947609	-0.38977711149476085	0.40973938352125594	
12.6 	0.5794321676440729	-0.39053444609429705	-0.390534446094297	0.42056783235592776	
12.625 	0.5684674334427626	-0.39129622498046013	-0.3912962249804601	0.4315325665572379	
12.65 	0.5573973279875213	-0.3920617955658911	-0.3920617955658911	0.4426026720124794	
12.675 	0.5462529369338218	-0.39283314026846217	-0.3928331402684622	0.4537470630661789	
12.7 	0.5350653757949635	-0.39361382543838597	-0.39361382543838597	0.4649346242050372	
12.725 	0.5238656722679293	-0.3944073052008099	-0.39440730520080997	0.4761343277320712	
12.75 	0.5126846822357812	-0.3952151658476678	-0.39521516584766786	0.48731531776421955	
12.775 	0.5015530401887642	-0.3960359505665306	-0.39603595056653057	0.49844695981123677	
12.8 	0.49050113407423596	-0.39686500037781824	-0.3968650003778182	0.509498865925765	
12.825 	0.47955908800692343	-0.39769539879171656	-0.3976953987917166	0.5204409119930776	
12.85 	0.4687567344140643	-0.39851969006472665	-0.39851969006472665	0.5312432655859367	
12.875 	0.45812356120931214	-0.39933182877193824	-0.39933182877193824	0.5418764387906889	
12.9 	0.4476886261750462	-0.40012869336963974	-0.40012869336963974	0.5523113738249547	
12.925 	0.43748044132520036	-0.40091061753982055	-0.40091061753982055	0.5625195586748004	
12.95 	0.4275268387495544	-0.40168075643607365	-0.4016807564360737	0.5724731612504464	
12.975 	0.41785483467939405	-0.4024435050143538	-0.4024435050143538	0.5821451653206068	
13.0 	0.4084905097272705	-0.4032024751594644	-0.40320247515946456	0.5915094902727304	
13.025 	0.3994589194145264	-0.4039587367233786	-0.40395873672337856	0.6005410805854745	
13.05 	0.39078404073185796	-0.4047099807980758	-0.4047099807980757	0.609215959268143	
13.075 	0.3824887510634638	-0.4054509262737152	-0.4054509262737151	0.6175112489365371	
13.1 	0.37459482769509056	-0.4061748811791208	-0.4061748811791208	0.6254051723049104	
13.125 	0.3671229504256253	-0.40687601225813175	-0.40687601225813175	0.6328770495743756	
13.15 	0.3600926891018417	-0.4075515763595031	-0.407551576359503	0.6399073108981592	
13.175 	0.3535224626895741	-0.40820331649941016	-0.40820331649941016	0.646477537310427	
13.2 	0.3474294645559689	-0.4088374894455011	-0.408837489445501	0.6525705354440322	
13.225 	0.34182955778176394	-0.40946343412632746	-0.40946343412632746	0.6581704422182373	
13.25 	0.3367371544552246	-0.41009097655067134	-0.41009097655067145	0.6632628455447767	
13.275 	0.3321650983538005	-0.41072739603631414	-0.41072739603631403	0.6678349016462007	
13.3 	0.32812457136611034	-0.41137494537407904	-0.41137494537407915	0.6718754286338909	
13.325 	0.3246250400335753	-0.41202963170427587	-0.41202963170427587	0.675374959966426	
13.35 	0.32167425164339675	-0.4126817037432451	-0.4126817037432451	0.6783257483566048	
13.375 	0.3192782762811583	-0.41331780711133054	-0.4133178071113305	0.6807217237188432	
13.4 	0.3174415832718911	-0.4139242574833716	-0.4139242574833717	0.6825584167281102	
13.425 	0.31616713168333344	-0.41449038990109843	-0.4144903899010985	0.6838328683166679	
13.45 	0.3154564519152883	-0.41501115068960487	-0.4150111506896049	0.6845435480847131	
13.475 	0.31530969746929416	-0.4154880953572918	-0.4154880953572917	0.6846903025307072	
13.5 	0.31572565526493623	-0.41592849871066057	-0.4159284987106606	0.6842743447350652	
13.525 	0.31670171154351456	-0.4163428039022416	-0.41634280390224165	0.6832982884564868	
13.55 	0.3182337834557619	-0.41674124360103965	-0.4167412436010396	0.6817662165442397	
13.575 	0.32031623554037875	-0.4171305027949088	-0.4171305027949087	0.6796837644596229	
13.6 	0.3229418050290067	-0.41751147019184953	-0.41751147019184953	0.677058194970995	
13.625 	0.3261015586840626	-0.4178786985791063	-0.4178786985791063	0.6738984413159388	
13.65 	0.3297848988552121	-0.41822174516367533	-0.4182217451636753	0.6702151011447894	
13.675 	0.3339796245311428	-0.41852791622071117	-0.41852791622071117	0.6660203754688586	
13.7 	0.33867204131118367	-0.418785686940092	-0.41878568694009205	0.661327958688818	
13.725 	0.34384710412498404	-0.4189877341450534	-0.4189877341450534	0.6561528958750176	
13.75 	0.34948856916899	-0.4191328362395461	-0.41913283623954606	0.6505114308310114	
13.775 	0.3555791307948508	-0.4192260545308685	-0.41922605453086836	0.6444208692051507	
13.8 	0.362100524235662	-0.41927727321388836	-0.4192772732138884	0.6378994757643397	
13.825 	0.36903358346054865	-0.41929860375929834	-0.4192986037592983	0.6309664165394531	
13.85 	0.3763582568866871	-0.41930149757738144	-0.41930149757738133	0.6236417431133146	
13.875 	0.38405359278094553	-0.41929429267056967	-0.41929429267056967	0.6159464072190564	
13.9 	0.3920977139643023	-0.4192809862181828	-0.4192809862181829	0.6079022860356995	
13.925 	0.4004678033140476	-0.4192613544524999	-0.4192613544524999	0.5995321966859543	
13.95 	0.40914011744545986	-0.4192322700809239	-0.4192322700809239	0.5908598825545422	
13.975 	0.41809003749173995	-0.419189632753087	-0.41918963275308707	0.581909962508262	
14.0 	0.42729215626469524	-0.4191302714783985	-0.4191302714783985	0.5727078437353066	
14.025 	0.43672039131892004	-0.41905313514183234	-0.4190531351418323	0.5632796086810818	
14.05 	0.44634810744732994	-0.41895950704190704	-0.418959507041907	0.553651892552672	
14.075 	0.45614823174183144	-0.4188522697606802	-0.4188522697606802	0.5438517682581704	
14.1 	0.4660933484794457	-0.41873463143306816	-0.41873463143306816	0.5339066515205562	
14.125 	0.4761557690441264	-0.4186088606120844	-0.41860886061208447	0.5238442309558756	
14.15 	0.4863075815125053	-0.4184755983153372	-0.4184755983153372	0.5136924184874966	
14.175 	0.4965206921696673	-0.4183340323347208	-0.4183340323347208	0.5034793078303346	
14.2 	0.5067668746498033	-0.41818289085983595	-0.41818289085983607	0.4932331253501987	
14.225 	0.5170178405860328	-0.4180218592447778	-0.4180218592447778	0.4829821594139692	
14.25 	0.5272453392650984	-0.4178528464306658	-0.4178528464306658	0.47275466073490346	
14.275 	0.5374212839040532	-0.4176805009531361	-0.4176805009531361	0.4625787160959486	
14.3 	0.5475178922322972	-0.41751160791186565	-0.4175116079118656	0.45248210776770476	
14.325 	0.5575078218685888	-0.41735340391786735	-0.4173534039178673	0.442492178131413	
14.35 	0.5673642797044551	-0.4172112490557234	-0.4172112490557234	0.432635720295547	
14.375 	0.5770610877747115	-0.4170863140911786	-0.41708631409117863	0.42293891222529073	
14.4 	0.5865726982974554	-0.4169741283990708	-0.41697412839907083	0.413427301702547	
14.425 	0.595874163414174	-0.4168645830084263	-0.4168645830084263	0.4041258365858284	
14.45 	0.6049410768012486	-0.41674358690884433	-0.41674358690884417	0.39505892319875374	
14.475 	0.6137495131631874	-0.41659603609725615	-0.41659603609725604	0.3862504868368149	
14.5 	0.6222759950614776	-0.4164095472299558	-0.4164095472299558	0.3777240049385244	
14.525 	0.6304975110667341	-0.4161777432458583	-0.4161777432458583	0.3695024889332679	
14.55 	0.6383915976537374	-0.41590234275318133	-0.4159023427531814	0.36160840234626457	
14.575 	0.6459364848278113	-0.4155933260436321	-0.4155933260436322	0.35406351517219053	
14.6 	0.6531112875667671	-0.4152671549221381	-0.41526715492213806	0.3468887124332348	
14.625 	0.65989621569521	-0.4149433413367448	-0.4149433413367448	0.3401037843047921	
14.65 	0.6662727694699321	-0.4146404988827258	-0.4146404988827259	0.3337272305300698	
14.675 	0.6722238913002432	-0.4143727019852455	-0.41437270198524545	0.3277761086997588	
14.7 	0.6777340532226149	-0.4141472539241474	-0.4141472539241475	0.32226594677738696	
14.725 	0.6827892762152934	-0.4139643485037071	-0.41396434850370706	0.3172107237847087	
14.75 	0.6873770907560819	-0.41381861324707286	-0.41381861324707286	0.31262290924392006	
14.775 	0.6914864613730382	-0.4137019588434961	-0.41370195884349614	0.3085135386269639	
14.8 	0.6951077045064606	-0.413606896823064	-0.4136068968230639	0.30489229549354147	
14.825 	0.6982324271134057	-0.4135292619189668	-0.41352926191896683	0.3017675728865966	
14.85 	0.7008535056047959	-0.4134695819358005	-0.4134695819358006	0.2991464943952064	
14.875 	0.7029651124035977	-0.41343277307395815	-0.4134327730739581	0.2970348875964046	
14.9 	0.7045627829955711	-0.41342635287054674	-0.41342635287054674	0.2954372170044312	
14.925 	0.7056435046414729	-0.41345777352291474	-0.41345777352291474	0.2943564953585297	
14.95 	0.7062058021871122	-0.41353180701449527	-0.41353180701449527	0.2937941978128905	
14.975 	0.7062497971236266	-0.4136488077611227	-0.41364880776112267	0.29375020287637604	
